Netsize: 2, process: 1, system: localhost.localdomain, tick=1.000000e-09
xa=0.000000e+00 xb=1.000000e+00 xk=2.500000e-01 x0=7.500000e-01 r0=1.000000e-01
q0=1.000000e+02 u0=1.000000e+00 u1=2.000000e+00 k1=1.000000e+00 k2=1.000000e+01
tau0=1.000000e-02 tau1=1.000000e-02 tmax=2.000000e+00 epst=1.000000e-07
nx=10000 ntp=2000 ntm=10000 lp=0
u10=1.000000e+00 omg0=1.000000e+02 omg1=1.000000e+02
hx=1.000000e-04 tau=5.000000e-10 ntm=10000
i1=5001 i2=10000 nc=5000
ntv=10000 tv=5.000000e-06 gt=9.990008e+01 time=2.366784e+00
