Netsize: 16, process: 6, system: localhost.localdomain, tick=1.000000e-09
Grid=2x8 coord=(0,3)
i11=0 i12=64 nc1=65
i21=0 i22=64 nc2=32
n1=128 n2=256 h1=7.812500e-03 h2=3.906250e-03
t1=1.302589e+01 dmax=3.137508e-05
